Delay_95	Impact_95	Delay_90	Impact_90	Delay_85	Impact_85	Delay_80	Impact_80	Delay_75	Impact_75	Delay_70	Impact_70
21.9	0.001	20.8	0.001	19.2	0.001	16.9	0.001	13.1	0.001	6.5	0.001
21.7	0.002	20.6	0.002	19	0.002	16.6	0.002	12.6	0.002	6	0.002
21.6	0.003	20.5	0.003	18.8	0.003	16.2	0.003	12	0.003	5.6	0.003
21.5	0.004	20.3	0.004	18.6	0.004	15.8	0.004	11.5	0.004	5.2	0.004
21.4	0.005	20.1	0.005	18.3	0.005	15.4	0.005	11	0.005	4.9	0.005
21.2	0.006	20	0.006	18.1	0.006	14.9	0.006	10.5	0.006	4.6	0.006
21.1	0.007	19.8	0.007	17.8	0.007	14.3	0.007	10.1	0.007	4.3	0.007
21	0.008	19.6	0.008	17.5	0.008	13.8	0.008	9.6	0.008	4.1	0.008
20.8	0.009	19.4	0.009	17.2	0.009	13.3	0.009	9.3	0.009	3.9	0.009
20.7	0.01	19.2	0.01	16.8	0.01	12.8	0.01	8.9	0.01	3.7	0.01
20.5	0.011	19	0.011	16.4	0.011	12.4	0.011	8.5	0.011	3.5	0.011
20.4	0.012	18.8	0.012	16	0.012	12	0.012	8.2	0.012	3.3	0.012
20.2	0.013	18.5	0.013	15.4	0.013	11.6	0.013	7.9	0.013	3.2	0.013
20.1	0.014	18.3	0.014	14.7	0.014	11.2	0.014	7.6	0.014	3.1	0.014
19.9	0.015	18	0.015	14.1	0.015	10.9	0.015	7.4	0.015	2.9	0.015
19.7	0.016	17.7	0.016	13.6	0.016	10.6	0.016	7.1	0.016	2.8	0.016
19.5	0.017	17.3	0.017	13.1	0.017	10.3	0.017	6.9	0.017	2.7	0.017
19.3	0.018	16.9	0.018	12.7	0.018	10	0.018	6.7	0.018	2.6	0.018
19.1	0.019	16.4	0.019	12.4	0.019	9.7	0.019	6.5	0.019	2.5	0.019
18.9	0.02	15.7	0.02	12.1	0.02	9.5	0.02	6.3	0.02	2.4	0.02
18.6	0.021	14.6	0.021	11.8	0.021	9.2	0.021	6.1	0.021	2.4	0.021
18.4	0.022	13.9	0.022	11.5	0.022	9	0.022	5.9	0.022	2.3	0.022
18.1	0.023	13.5	0.023	11.3	0.023	8.8	0.023	5.7	0.023	2.2	0.023
17.7	0.024	13.1	0.024	11	0.024	8.5	0.024	5.6	0.024	2.1	0.024
17.3	0.025	12.8	0.025	10.8	0.025	8.3	0.025	5.4	0.025	2.1	0.025
16.7	0.026	12.5	0.026	10.6	0.026	8.1	0.026	5.3	0.026	2	0.026
15.6	0.027	12.3	0.027	10.4	0.027	7.9	0.027	5.2	0.027	2	0.027
14	0.028	12	0.028	10.1	0.028	7.8	0.028	5	0.028	1.9	0.028
13.6	0.029	11.8	0.029	9.9	0.029	7.6	0.029	4.9	0.029	1.9	0.029
13.2	0.03	11.6	0.03	9.8	0.03	7.4	0.03	4.8	0.03	1.8	0.03
13	0.031	11.4	0.031	9.6	0.031	7.3	0.031	4.7	0.031	1.8	0.031
12.7	0.032	11.2	0.032	9.4	0.032	7.1	0.032	4.6	0.032	1.7	0.032
12.5	0.033	11	0.033	9.2	0.033	7	0.033	4.5	0.033	1.7	0.033
12.3	0.034	10.9	0.034	9	0.034	6.8	0.034	4.4	0.034	1.6	0.034
12.1	0.035	10.7	0.035	8.8	0.035	6.7	0.035	4.3	0.035	1.6	0.035
11.9	0.036	10.5	0.036	8.7	0.036	6.5	0.036	4.2	0.036	1.6	0.036
11.8	0.037	10.4	0.037	8.5	0.037	6.4	0.037	4.1	0.037	1.5	0.037
11.6	0.038	10.2	0.038	8.4	0.038	6.3	0.038	4	0.038	1.5	0.038
11.4	0.039	10.1	0.039	8.2	0.039	6.2	0.039	3.9	0.039	1.5	0.039
11.3	0.04	9.9	0.04	8.1	0.04	6.1	0.04	3.9	0.04	1.4	0.04
11.2	0.041	9.7	0.041	7.9	0.041	6	0.041	3.8	0.041	1.4	0.041
11	0.042	9.6	0.042	7.8	0.042	5.9	0.042	3.7	0.042	1.4	0.042
10.9	0.043	9.4	0.043	7.7	0.043	5.7	0.043	3.7	0.043	1.3	0.043
10.7	0.044	9.3	0.044	7.5	0.044	5.7	0.044	3.6	0.044	1.3	0.044
10.6	0.045	9.1	0.045	7.4	0.045	5.6	0.045	3.5	0.045	1.3	0.045
10.5	0.046	9	0.046	7.3	0.046	5.5	0.046	3.5	0.046	1.3	0.046
10.4	0.047	8.8	0.047	7.2	0.047	5.4	0.047	3.4	0.047	1.2	0.047
10.2	0.048	8.7	0.048	7.1	0.048	5.3	0.048	3.3	0.048	1.2	0.048
10.1	0.049	8.6	0.049	7	0.049	5.2	0.049	3.3	0.049	1.2	0.049
10	0.05	8.5	0.05	6.9	0.05	5.1	0.05	3.2	0.05	1.2	0.05
9.9	0.051	8.3	0.051	6.8	0.051	5	0.051	3.2	0.051	1.2	0.051
9.7	0.052	8.2	0.052	6.7	0.052	5	0.052	3.1	0.052	1.1	0.052
9.6	0.053	8.1	0.053	6.6	0.053	4.9	0.053	3.1	0.053	1.1	0.053
9.5	0.054	8	0.054	6.5	0.054	4.8	0.054	3	0.054	1.1	0.054
9.3	0.055	7.9	0.055	6.4	0.055	4.7	0.055	3	0.055	1.1	0.055
9.2	0.056	7.8	0.056	6.3	0.056	4.7	0.056	2.9	0.056	1.1	0.056
9.1	0.057	7.7	0.057	6.2	0.057	4.6	0.057	2.9	0.057	1	0.057
9	0.058	7.6	0.058	6.1	0.058	4.5	0.058	2.9	0.058	1	0.058
8.8	0.059	7.5	0.059	6	0.059	4.5	0.059	2.8	0.059	1	0.059
8.7	0.06	7.4	0.06	6	0.06	4.4	0.06	2.8	0.06	1	0.06
8.6	0.061	7.3	0.061	5.9	0.061	4.4	0.061	2.7	0.061	1	0.061
8.5	0.062	7.2	0.062	5.8	0.062	4.3	0.062	2.7	0.062	1	0.062
8.4	0.063	7.1	0.063	5.7	0.063	4.3	0.063	2.7	0.063	1	0.063
8.3	0.064	7	0.064	5.7	0.064	4.2	0.064	2.6	0.064	0.9	0.064
8.2	0.065	6.9	0.065	5.6	0.065	4.1	0.065	2.6	0.065	0.9	0.065
8.1	0.066	6.9	0.066	5.5	0.066	4.1	0.066	2.6	0.066	0.9	0.066
8	0.067	6.8	0.067	5.5	0.067	4	0.067	2.5	0.067	0.9	0.067
7.9	0.068	6.7	0.068	5.4	0.068	4	0.068	2.5	0.068	0.9	0.068
7.8	0.069	6.6	0.069	5.3	0.069	3.9	0.069	2.5	0.069	0.9	0.069
7.7	0.07	6.5	0.07	5.3	0.07	3.9	0.07	2.4	0.07	0.9	0.07
7.6	0.071	6.5	0.071	5.2	0.071	3.8	0.071	2.4	0.071	0.9	0.071
7.6	0.072	6.4	0.072	5.1	0.072	3.8	0.072	2.4	0.072	0.8	0.072
7.5	0.073	6.3	0.073	5.1	0.073	3.8	0.073	2.3	0.073	0.8	0.073
7.4	0.074	6.3	0.074	5	0.074	3.7	0.074	2.3	0.074	0.8	0.074
7.3	0.075	6.2	0.075	5	0.075	3.7	0.075	2.3	0.075	0.8	0.075
7.3	0.076	6.1	0.076	4.9	0.076	3.6	0.076	2.3	0.076	0.8	0.076
7.2	0.077	6.1	0.077	4.9	0.077	3.6	0.077	2.2	0.077	0.8	0.077
7.1	0.078	6	0.078	4.8	0.078	3.5	0.078	2.2	0.078	0.8	0.078
7	0.079	5.9	0.079	4.8	0.079	3.5	0.079	2.2	0.079	0.8	0.079
7	0.08	5.9	0.08	4.7	0.08	3.5	0.08	2.2	0.08	0.8	0.08
6.9	0.081	5.8	0.081	4.7	0.081	3.4	0.081	2.1	0.081	0.8	0.081
6.8	0.082	5.8	0.082	4.6	0.082	3.4	0.082	2.1	0.082	0.7	0.082
6.8	0.083	5.7	0.083	4.6	0.083	3.4	0.083	2.1	0.083	0.7	0.083
6.7	0.084	5.6	0.084	4.5	0.084	3.3	0.084	2.1	0.084	0.7	0.084
6.6	0.085	5.6	0.085	4.5	0.085	3.3	0.085	2	0.085	0.7	0.085
6.6	0.086	5.5	0.086	4.4	0.086	3.3	0.086	2	0.086	0.7	0.086
6.5	0.087	5.5	0.087	4.4	0.087	3.2	0.087	2	0.087	0.7	0.087
6.5	0.088	5.4	0.088	4.3	0.088	3.2	0.088	2	0.088	0.7	0.088
6.4	0.089	5.4	0.089	4.3	0.089	3.2	0.089	2	0.089	0.7	0.089
6.3	0.09	5.3	0.09	4.3	0.09	3.1	0.09	1.9	0.09	0.7	0.09
6.3	0.091	5.3	0.091	4.2	0.091	3.1	0.091	1.9	0.091	0.7	0.091
6.2	0.092	5.2	0.092	4.2	0.092	3.1	0.092	1.9	0.092	0.7	0.092
6.2	0.093	5.2	0.093	4.1	0.093	3	0.093	1.9	0.093	0.7	0.093
6.1	0.094	5.1	0.094	4.1	0.094	3	0.094	1.9	0.094	0.7	0.094
6.1	0.095	5.1	0.095	4.1	0.095	3	0.095	1.8	0.095	0.6	0.095
6	0.096	5	0.096	4	0.096	3	0.096	1.8	0.096	0.6	0.096
6	0.097	5	0.097	4	0.097	2.9	0.097	1.8	0.097	0.6	0.097
5.9	0.098	5	0.098	4	0.098	2.9	0.098	1.8	0.098	0.6	0.098
5.9	0.099	4.9	0.099	3.9	0.099	2.9	0.099	1.8	0.099	0.6	0.099
5.8	0.1	4.9	0.1	3.9	0.1	2.9	0.1	1.8	0.1	0.6	0.1
5.8	0.101	4.8	0.101	3.9	0.101	2.8	0.101	1.7	0.101	0.6	0.101
5.7	0.102	4.8	0.102	3.8	0.102	2.8	0.102	1.7	0.102	0.6	0.102
5.7	0.103	4.8	0.103	3.8	0.103	2.8	0.103	1.7	0.103	0.6	0.103
5.6	0.104	4.7	0.104	3.8	0.104	2.8	0.104	1.7	0.104	0.6	0.104
5.6	0.105	4.7	0.105	3.7	0.105	2.7	0.105	1.7	0.105	0.6	0.105
5.5	0.106	4.6	0.106	3.7	0.106	2.7	0.106	1.7	0.106	0.6	0.106
5.5	0.107	4.6	0.107	3.7	0.107	2.7	0.107	1.7	0.107	0.6	0.107
5.4	0.108	4.6	0.108	3.6	0.108	2.7	0.108	1.6	0.108	0.6	0.108
5.4	0.109	4.5	0.109	3.6	0.109	2.6	0.109	1.6	0.109	0.6	0.109
5.4	0.11	4.5	0.11	3.6	0.11	2.6	0.11	1.6	0.11	0.6	0.11
5.3	0.111	4.5	0.111	3.5	0.111	2.6	0.111	1.6	0.111	0.6	0.111
5.3	0.112	4.4	0.112	3.5	0.112	2.6	0.112	1.6	0.112	0.5	0.112
5.2	0.113	4.4	0.113	3.5	0.113	2.6	0.113	1.6	0.113	0.5	0.113
5.2	0.114	4.4	0.114	3.5	0.114	2.5	0.114	1.6	0.114	0.5	0.114
5.2	0.115	4.3	0.115	3.4	0.115	2.5	0.115	1.5	0.115	0.5	0.115
5.1	0.116	4.3	0.116	3.4	0.116	2.5	0.116	1.5	0.116	0.5	0.116
5.1	0.117	4.3	0.117	3.4	0.117	2.5	0.117	1.5	0.117	0.5	0.117
5.1	0.118	4.2	0.118	3.4	0.118	2.5	0.118	1.5	0.118	0.5	0.118
5	0.119	4.2	0.119	3.3	0.119	2.4	0.119	1.5	0.119	0.5	0.119
5	0.12	4.2	0.12	3.3	0.12	2.4	0.12	1.5	0.12	0.5	0.12
4.9	0.121	4.1	0.121	3.3	0.121	2.4	0.121	1.5	0.121	0.5	0.121
4.9	0.122	4.1	0.122	3.3	0.122	2.4	0.122	1.5	0.122	0.5	0.122
4.9	0.123	4.1	0.123	3.2	0.123	2.4	0.123	1.5	0.123	0.5	0.123
4.8	0.124	4	0.124	3.2	0.124	2.3	0.124	1.4	0.124	0.5	0.124
4.8	0.125	4	0.125	3.2	0.125	2.3	0.125	1.4	0.125	0.5	0.125
4.8	0.126	4	0.126	3.2	0.126	2.3	0.126	1.4	0.126	0.5	0.126
4.7	0.127	4	0.127	3.1	0.127	2.3	0.127	1.4	0.127	0.5	0.127
4.7	0.128	3.9	0.128	3.1	0.128	2.3	0.128	1.4	0.128	0.5	0.128
4.7	0.129	3.9	0.129	3.1	0.129	2.3	0.129	1.4	0.129	0.5	0.129
4.6	0.13	3.9	0.13	3.1	0.13	2.2	0.13	1.4	0.13	0.5	0.13
4.6	0.131	3.9	0.131	3.1	0.131	2.2	0.131	1.4	0.131	0.5	0.131
4.6	0.132	3.8	0.132	3	0.132	2.2	0.132	1.4	0.132	0.5	0.132
4.6	0.133	3.8	0.133	3	0.133	2.2	0.133	1.3	0.133	0.5	0.133
4.5	0.134	3.8	0.134	3	0.134	2.2	0.134	1.3	0.134	0.5	0.134
4.5	0.135	3.8	0.135	3	0.135	2.2	0.135	1.3	0.135	0.5	0.135
4.5	0.136	3.7	0.136	3	0.136	2.2	0.136	1.3	0.136	0.4	0.136
4.4	0.137	3.7	0.137	2.9	0.137	2.1	0.137	1.3	0.137	0.4	0.137
4.4	0.138	3.7	0.138	2.9	0.138	2.1	0.138	1.3	0.138	0.4	0.138
4.4	0.139	3.7	0.139	2.9	0.139	2.1	0.139	1.3	0.139	0.4	0.139
4.4	0.14	3.6	0.14	2.9	0.14	2.1	0.14	1.3	0.14	0.4	0.14
4.3	0.141	3.6	0.141	2.9	0.141	2.1	0.141	1.3	0.141	0.4	0.141
4.3	0.142	3.6	0.142	2.8	0.142	2.1	0.142	1.3	0.142	0.4	0.142
4.3	0.143	3.6	0.143	2.8	0.143	2.1	0.143	1.3	0.143	0.4	0.143
4.2	0.144	3.5	0.144	2.8	0.144	2	0.144	1.2	0.144	0.4	0.144
4.2	0.145	3.5	0.145	2.8	0.145	2	0.145	1.2	0.145	0.4	0.145
4.2	0.146	3.5	0.146	2.8	0.146	2	0.146	1.2	0.146	0.4	0.146
4.2	0.147	3.5	0.147	2.8	0.147	2	0.147	1.2	0.147	0.4	0.147
4.1	0.148	3.5	0.148	2.7	0.148	2	0.148	1.2	0.148	0.4	0.148
4.1	0.149	3.4	0.149	2.7	0.149	2	0.149	1.2	0.149	0.4	0.149
4.1	0.15	3.4	0.15	2.7	0.15	2	0.15	1.2	0.15	0.4	0.15

