Impact_70	Delay_70	Impact_80	Delay_80	Delay_75	Impact_75	Delay_85	Impact_85	Delay_90	Impact_90	Delay_95	Impact_95
0.001	0.1	0.005	30	30	0.002	30	0.009	30	0.013	30	0.019
0.002	0.1	0.005	30	30	0.002	30	0.009	30	0.013	30	0.019
0.003	0.1	0.005	30	22.4	0.003	30	0.009	30	0.013	30	0.019
0.004	0.1	0.005	30	17.1	0.004	30	0.009	30	0.013	30	0.019
0.005	0.1	0.005	30	13.9	0.005	30	0.009	30	0.013	30	0.019
0.006	0.1	0.006	29.2	11.7	0.006	30	0.009	30	0.013	30	0.019
0.007	0.1	0.007	24.4	10.1	0.007	30	0.009	30	0.013	30	0.019
0.008	0.1	0.008	21.6	8.9	0.008	30	0.009	30	0.013	30	0.019
0.009	0.1	0.009	19.5	7.9	0.009	30	0.009	30	0.013	30	0.019
0.01	0.1	0.01	17.8	7.2	0.01	28.3	0.01	30	0.013	30	0.019
0.011	0.1	0.011	16.3	6.5	0.011	25.3	0.011	30	0.013	30	0.019
0.012	0.1	0.012	15.1	6	0.012	23.3	0.012	30	0.013	30	0.019
0.013	0.1	0.013	14	5.6	0.013	21.8	0.013	30	0.013	30	0.019
0.014	0.1	0.014	13	5.2	0.014	20.5	0.014	29.3	0.014	30	0.019
0.015	0.1	0.015	12.2	4.8	0.015	19.4	0.015	26.3	0.015	30	0.019
0.016	0.1	0.016	11.4	4.5	0.016	18.4	0.016	24.6	0.016	30	0.019
0.017	0.1	0.017	10.8	4.3	0.017	17.5	0.017	23.4	0.017	30	0.019
0.018	0.1	0.018	10.2	4	0.018	16.7	0.018	22.3	0.018	30	0.019
0.019	0.1	0.019	9.7	3.8	0.019	15.9	0.019	21.4	0.019	30	0.019
0.02	0.1	0.02	9.2	3.6	0.02	15.1	0.02	20.6	0.02	27.4	0.02
0.021	0.1	0.021	8.8	3.5	0.021	14.4	0.021	19.8	0.021	25.4	0.021
0.022	0.1	0.022	8.4	3.3	0.022	13.7	0.022	19.2	0.022	24.2	0.022
0.023	0.1	0.023	8.1	3.2	0.023	13.1	0.023	18.5	0.023	23.3	0.023
0.024	0.1	0.024	7.7	3	0.024	12.5	0.024	17.9	0.024	22.5	0.024
0.025	0.1	0.025	7.4	2.9	0.025	12	0.025	17.3	0.025	21.8	0.025
0.026	0.1	0.026	7.2	2.8	0.026	11.6	0.026	16.8	0.026	21.2	0.026
0.027	0.1	0.027	6.9	2.7	0.027	11.2	0.027	16.2	0.027	20.7	0.027
0.028	0.1	0.028	6.7	2.6	0.028	10.8	0.028	15.6	0.028	20.2	0.028
0.029	0.1	0.029	6.4	2.5	0.029	10.4	0.029	15	0.029	19.7	0.029
0.03	0.1	0.03	6.2	2.4	0.03	10.1	0.03	14.4	0.03	19.3	0.03
0.031	0.1	0.031	6	2.3	0.031	9.8	0.031	13.9	0.031	18.8	0.031
0.032	0.1	0.032	5.8	2.3	0.032	9.5	0.032	13.4	0.032	18.4	0.032
0.033	0.1	0.033	5.7	2.2	0.033	9.2	0.033	12.9	0.033	17.9	0.033
0.034	0.1	0.034	5.5	2.1	0.034	8.9	0.034	12.5	0.034	17.5	0.034
0.035	0.1	0.035	5.3	2.1	0.035	8.7	0.035	12.1	0.035	17	0.035
0.036	0.1	0.036	5.2	2	0.036	8.4	0.036	11.8	0.036	16.6	0.036
0.037	0.1	0.037	5.1	2	0.037	8.2	0.037	11.5	0.037	16.1	0.037
0.038	0.1	0.038	4.9	1.9	0.038	8	0.038	11.2	0.038	15.5	0.038
0.039	0.1	0.039	4.8	1.9	0.039	7.8	0.039	10.9	0.039	14.9	0.039
0.04	0.1	0.04	4.7	1.8	0.04	7.6	0.04	10.6	0.04	14.4	0.04
0.041	0.1	0.041	4.6	1.8	0.041	7.4	0.041	10.4	0.041	13.8	0.041
0.042	0.1	0.042	4.5	1.7	0.042	7.2	0.042	10.1	0.042	13.4	0.042
0.043	0.1	0.043	4.4	1.7	0.043	7.1	0.043	9.9	0.043	13	0.043
0.044	0.1	0.044	4.3	1.6	0.044	6.9	0.044	9.7	0.044	12.7	0.044
0.045	0.1	0.045	4.2	1.6	0.045	6.8	0.045	9.5	0.045	12.4	0.045
0.046	0.1	0.046	4.1	1.6	0.046	6.6	0.046	9.3	0.046	12.1	0.046
0.047	0.1	0.047	4	1.5	0.047	6.5	0.047	9.1	0.047	11.8	0.047
0.048	0.1	0.048	3.9	1.5	0.048	6.4	0.048	8.9	0.048	11.6	0.048
0.049	0.1	0.049	3.8	1.5	0.049	6.2	0.049	8.7	0.049	11.3	0.049
0.05	0.1	0.05	3.8	1.4	0.05	6.1	0.05	8.5	0.05	11.1	0.05
0.051	0.1	0.051	3.7	1.4	0.051	6	0.051	8.4	0.051	10.9	0.051
0.052	0.1	0.052	3.6	1.4	0.052	5.9	0.052	8.2	0.052	10.7	0.052
0.053	0.1	0.053	3.5	1.4	0.053	5.8	0.053	8.1	0.053	10.5	0.053
0.054	0.1	0.054	3.5	1.3	0.054	5.7	0.054	7.9	0.054	10.3	0.054
0.055	0.1	0.055	3.4	1.3	0.055	5.6	0.055	7.8	0.055	10.1	0.055
0.056	0.1	0.056	3.4	1.3	0.056	5.5	0.056	7.6	0.056	10	0.056
0.057	0.1	0.057	3.3	1.3	0.057	5.4	0.057	7.5	0.057	9.8	0.057
0.058	0.1	0.058	3.2	1.2	0.058	5.3	0.058	7.4	0.058	9.6	0.058
0.059	0.1	0.059	3.2	1.2	0.059	5.2	0.059	7.2	0.059	9.5	0.059
0.06	0.1	0.06	3.1	1.2	0.06	5.1	0.06	7.1	0.06	9.3	0.06
0.061	0.1	0.061	3.1	1.2	0.061	5	0.061	7	0.061	9.1	0.061
0.062	0.1	0.062	3	1.2	0.062	4.9	0.062	6.9	0.062	9	0.062
0.063	0.1	0.063	3	1.1	0.063	4.9	0.063	6.8	0.063	8.8	0.063
0.064	0.1	0.064	2.9	1.1	0.064	4.8	0.064	6.7	0.064	8.7	0.064
0.065	0.1	0.065	2.9	1.1	0.065	4.7	0.065	6.6	0.065	8.6	0.065
0.066	0.1	0.066	2.8	1.1	0.066	4.6	0.066	6.5	0.066	8.4	0.066
0.067	0.1	0.067	2.8	1.1	0.067	4.6	0.067	6.4	0.067	8.3	0.067
0.068	0.1	0.068	2.8	1	0.068	4.5	0.068	6.3	0.068	8.2	0.068
0.069	0.1	0.069	2.7	1	0.069	4.4	0.069	6.2	0.069	8.1	0.069
0.07	0.1	0.07	2.7	1	0.07	4.4	0.07	6.1	0.07	7.9	0.07
0.071	0.1	0.071	2.6	1	0.071	4.3	0.071	6	0.071	7.8	0.071
0.072	0.1	0.072	2.6	1	0.072	4.2	0.072	5.9	0.072	7.7	0.072
0.073	0.1	0.073	2.6	1	0.073	4.2	0.073	5.9	0.073	7.6	0.073
0.074	0.1	0.074	2.5	1	0.074	4.1	0.074	5.8	0.074	7.5	0.074
0.075	0.1	0.075	2.5	0.9	0.075	4.1	0.075	5.7	0.075	7.4	0.075
0.076	0.1	0.076	2.5	0.9	0.076	4	0.076	5.6	0.076	7.3	0.076
0.077	0.1	0.077	2.4	0.9	0.077	4	0.077	5.6	0.077	7.2	0.077
0.078	0.1	0.078	2.4	0.9	0.078	3.9	0.078	5.5	0.078	7.1	0.078
0.079	0.1	0.079	2.4	0.9	0.079	3.9	0.079	5.4	0.079	7	0.079
0.08	0.1	0.08	2.3	0.9	0.08	3.8	0.08	5.3	0.08	6.9	0.08
0.081	0.1	0.081	2.3	0.9	0.081	3.8	0.081	5.3	0.081	6.8	0.081
0.082	0.1	0.082	2.3	0.9	0.082	3.7	0.082	5.2	0.082	6.8	0.082
0.083	0.1	0.083	2.3	0.8	0.083	3.7	0.083	5.2	0.083	6.7	0.083
0.084	0.1	0.084	2.2	0.8	0.084	3.6	0.084	5.1	0.084	6.6	0.084
0.085	0.1	0.085	2.2	0.8	0.085	3.6	0.085	5	0.085	6.5	0.085
0.086	0.1	0.086	2.2	0.8	0.086	3.6	0.086	5	0.086	6.4	0.086
0.087	0.1	0.087	2.2	0.8	0.087	3.5	0.087	4.9	0.087	6.4	0.087
0.088	0.1	0.088	2.1	0.8	0.088	3.5	0.088	4.9	0.088	6.3	0.088
0.089	0.1	0.089	2.1	0.8	0.089	3.4	0.089	4.8	0.089	6.2	0.089
0.09	0.1	0.09	2.1	0.8	0.09	3.4	0.09	4.7	0.09	6.2	0.09
0.091	0.1	0.091	2.1	0.8	0.091	3.4	0.091	4.7	0.091	6.1	0.091
0.092	0.1	0.092	2	0.8	0.092	3.3	0.092	4.6	0.092	6	0.092
0.093	0.1	0.093	2	0.8	0.093	3.3	0.093	4.6	0.093	6	0.093
0.094	0.1	0.094	2	0.7	0.094	3.3	0.094	4.5	0.094	5.9	0.094
0.095	0.1	0.095	2	0.7	0.095	3.2	0.095	4.5	0.095	5.8	0.095
0.096	0.1	0.096	1.9	0.7	0.096	3.2	0.096	4.5	0.096	5.8	0.096
0.097	0.1	0.097	1.9	0.7	0.097	3.2	0.097	4.4	0.097	5.7	0.097
0.098	0.1	0.098	1.9	0.7	0.098	3.1	0.098	4.4	0.098	5.6	0.098
0.099	0.1	0.099	1.9	0.7	0.099	3.1	0.099	4.3	0.099	5.6	0.099
0.1	0.1	0.1	1.9	0.7	0.1	3.1	0.1	4.3	0.1	5.5	0.1
0.101	0.1	0.101	1.8	0.7	0.101	3	0.101	4.2	0.101	5.5	0.101
0.102	0.1	0.102	1.8	0.7	0.102	3	0.102	4.2	0.102	5.4	0.102
0.103	0.1	0.103	1.8	0.7	0.103	3	0.103	4.1	0.103	5.4	0.103
0.104	0.1	0.104	1.8	0.7	0.104	2.9	0.104	4.1	0.104	5.3	0.104
0.105	0.1	0.105	1.8	0.7	0.105	2.9	0.105	4.1	0.105	5.3	0.105
0.106	0.1	0.106	1.8	0.7	0.106	2.9	0.106	4	0.106	5.2	0.106
0.107	0.1	0.107	1.7	0.6	0.107	2.9	0.107	4	0.107	5.2	0.107
0.108	0.1	0.108	1.7	0.6	0.108	2.8	0.108	4	0.108	5.1	0.108
0.109	0.1	0.109	1.7	0.6	0.109	2.8	0.109	3.9	0.109	5.1	0.109
0.11	0.1	0.11	1.7	0.6	0.11	2.8	0.11	3.9	0.11	5	0.11
0.111	0.1	0.111	1.7	0.6	0.111	2.8	0.111	3.8	0.111	5	0.111
0.112	0.1	0.112	1.7	0.6	0.112	2.7	0.112	3.8	0.112	4.9	0.112
0.113	0.1	0.113	1.6	0.6	0.113	2.7	0.113	3.8	0.113	4.9	0.113
0.114	0.1	0.114	1.6	0.6	0.114	2.7	0.114	3.7	0.114	4.8	0.114
0.115	0.1	0.115	1.6	0.6	0.115	2.7	0.115	3.7	0.115	4.8	0.115
0.116	0.1	0.116	1.6	0.6	0.116	2.6	0.116	3.7	0.116	4.8	0.116
0.117	0.1	0.117	1.6	0.6	0.117	2.6	0.117	3.6	0.117	4.7	0.117
0.118	0.1	0.118	1.6	0.6	0.118	2.6	0.118	3.6	0.118	4.7	0.118
0.119	0.1	0.119	1.6	0.6	0.119	2.6	0.119	3.6	0.119	4.6	0.119
0.12	0.1	0.12	1.5	0.6	0.12	2.5	0.12	3.6	0.12	4.6	0.12
0.121	0.1	0.121	1.5	0.6	0.121	2.5	0.121	3.5	0.121	4.6	0.121
0.122	0.1	0.122	1.5	0.6	0.122	2.5	0.122	3.5	0.122	4.5	0.122
0.123	0.1	0.123	1.5	0.6	0.123	2.5	0.123	3.5	0.123	4.5	0.123
0.124	0.1	0.124	1.5	0.6	0.124	2.5	0.124	3.4	0.124	4.5	0.124
0.125	0.1	0.125	1.5	0.5	0.125	2.4	0.125	3.4	0.125	4.4	0.125
0.126	0.1	0.126	1.5	0.5	0.126	2.4	0.126	3.4	0.126	4.4	0.126
0.127	0.1	0.127	1.5	0.5	0.127	2.4	0.127	3.4	0.127	4.3	0.127
0.128	0.1	0.128	1.4	0.5	0.128	2.4	0.128	3.3	0.128	4.3	0.128
0.129	0.1	0.129	1.4	0.5	0.129	2.4	0.129	3.3	0.129	4.3	0.129
0.13	0.1	0.13	1.4	0.5	0.13	2.3	0.13	3.3	0.13	4.2	0.13
0.131	0.1	0.131	1.4	0.5	0.131	2.3	0.131	3.3	0.131	4.2	0.131
0.132	0.1	0.132	1.4	0.5	0.132	2.3	0.132	3.2	0.132	4.2	0.132
0.133	0.1	0.133	1.4	0.5	0.133	2.3	0.133	3.2	0.133	4.1	0.133
0.134	0.1	0.134	1.4	0.5	0.134	2.3	0.134	3.2	0.134	4.1	0.134
0.135	0.1	0.135	1.4	0.5	0.135	2.3	0.135	3.2	0.135	4.1	0.135
0.136	0.1	0.136	1.4	0.5	0.136	2.2	0.136	3.1	0.136	4.1	0.136
0.137	0.1	0.137	1.4	0.5	0.137	2.2	0.137	3.1	0.137	4	0.137
0.138	0.1	0.138	1.3	0.5	0.138	2.2	0.138	3.1	0.138	4	0.138
0.139	0.1	0.139	1.3	0.5	0.139	2.2	0.139	3.1	0.139	4	0.139
0.14	0.1	0.14	1.3	0.5	0.14	2.2	0.14	3	0.14	3.9	0.14
0.141	0.1	0.141	1.3	0.5	0.141	2.2	0.141	3	0.141	3.9	0.141
0.142	0.1	0.142	1.3	0.5	0.142	2.1	0.142	3	0.142	3.9	0.142
0.143	0.1	0.143	1.3	0.5	0.143	2.1	0.143	3	0.143	3.9	0.143
0.144	0.1	0.144	1.3	0.5	0.144	2.1	0.144	3	0.144	3.8	0.144
0.145	0.1	0.145	1.3	0.5	0.145	2.1	0.145	2.9	0.145	3.8	0.145
0.146	0.1	0.146	1.3	0.5	0.146	2.1	0.146	2.9	0.146	3.8	0.146
0.147	0.1	0.147	1.3	0.5	0.147	2.1	0.147	2.9	0.147	3.7	0.147
0.148	0.1	0.148	1.2	0.5	0.148	2.1	0.148	2.9	0.148	3.7	0.148
0.149	0.1	0.149	1.2	0.5	0.149	2	0.149	2.9	0.149	3.7	0.149
0.15	0.1	0.15	1.2	0.4	0.15	2	0.15	2.8	0.15	3.7	0.15

